1024 1 1.74626e-09
1024 2 1.74626e-09
1024 4 1.74611e-09
1024 8 1.66604e-09
1024 16 1.7461e-09
1024 32 1.85947e-09
1024 64 2.44464e-09
1024 128 1.74638e-09
1024 256 1.74613e-09
1024 512 1.77966e-09


2048 1 1.74612e-09
2048 2 1.74187e-09
2048 4 1.86266e-09
2048 8 1.74626e-09
2048 16 1.74625e-09
2048 32 1.76516e-09
2048 64 1.74624e-09
2048 128 1.76552e-09
2048 256 1.74625e-09
2048 512 1.74639e-09
2048 1024 1.8628e-09


4096 1 1.78629e-09
4096 2 1.74612e-09
4096 4 1.74611e-09
4096 8 1.74625e-09
4096 16 1.7461e-09
4096 32 1.74637e-09
4096 64 1.86267e-09
4096 128 1.7464e-09
4096 256 1.74624e-09
4096 512 1.86282e-09
4096 1024 1.74626e-09
4096 2048 1.86267e-09


8192 1 1.74611e-09
8192 2 1.66638e-09
8192 4 1.74626e-09
8192 8 1.7144e-09
8192 16 1.74627e-09
8192 32 1.74625e-09
8192 64 2.07295e-09
8192 128 1.80078e-09
8192 256 1.74611e-09
8192 512 1.85271e-09
8192 1024 1.74611e-09
8192 2048 1.97922e-09
8192 4096 2.56117e-09


16384 1 1.69579e-09
16384 2 1.74625e-09
16384 4 2.01703e-09
16384 8 1.97894e-09
16384 16 1.97922e-09
16384 32 2.32834e-09
16384 64 2.44474e-09
16384 128 4.23926e-09
16384 256 4.191e-09
16384 512 4.88923e-09
16384 1024 6.05395e-09
16384 2048 1.74624e-09
16384 4096 1.84648e-09
16384 8192 2.14596e-09


32768 1 1.80197e-09
32768 2 1.86266e-09
32768 4 2.0586e-09
32768 8 2.09536e-09
32768 16 1.97344e-09
32768 32 2.44489e-09
32768 64 2.44474e-09
32768 128 4.0593e-09
32768 256 4.19126e-09
32768 512 4.64249e-09
32768 1024 4.19067e-09
32768 2048 4.19128e-09
32768 4096 1.74625e-09
32768 8192 1.74621e-09
32768 16384 1.74639e-09


65536 1 1.7464e-09
65536 2 1.86253e-09
65536 4 2.09565e-09
65536 8 2.13231e-09
65536 16 2.32834e-09
65536 32 2.85463e-09
65536 64 3.49224e-09
65536 128 7.48077e-09
65536 256 6.43179e-09
65536 512 6.98498e-09
65536 1024 7.31426e-09
65536 2048 4.47352e-09
65536 4096 5.39808e-09
65536 8192 1.83051e-09
65536 16384 1.80072e-09
65536 32768 1.81549e-09


131072 1 2.05405e-09
131072 2 2.21057e-09
131072 4 6.60594e-09
131072 8 7.38105e-09
131072 16 6.51646e-09
131072 32 4.84627e-09
131072 64 7.53045e-09
131072 128 1.34797e-08
131072 256 1.31818e-08
131072 512 1.64029e-08
131072 1024 1.6045e-08
131072 2048 1.4375e-08
131072 4096 1.32715e-08
131072 8192 1.29135e-08
131072 16384 4.95814e-09
131072 32768 1.80057e-09
131072 65536 2.18457e-09


262144 1 5.46506e-09
262144 2 1.86396e-09
262144 4 2.15847e-09
262144 8 2.35605e-09
262144 16 3.124e-09
262144 32 4.01872e-09
262144 64 7.48569e-09
262144 128 1.31519e-08
262144 256 1.30924e-08
262144 512 1.39574e-08
262144 1024 1.52398e-08
262144 2048 3.46549e-08
262144 4096 4.22891e-08
262144 8192 1.90271e-08
262144 16384 1.5329e-08
262144 32768 4.77175e-09
262144 65536 1.82682e-09
262144 131072 1.82296e-09


524288 1 2.84064e-09
524288 2 1.95719e-09
524288 4 2.19198e-09
524288 8 2.49843e-09
524288 16 3.45458e-09
524288 32 4.01643e-09
524288 64 6.90794e-09
524288 128 1.47493e-08
524288 256 1.51182e-08
524288 512 1.53576e-08
524288 1024 1.69397e-08
524288 2048 2.33854e-08
524288 4096 1.47923e-08
524288 8192 1.49114e-08
524288 16384 1.52099e-08
524288 32768 1.51778e-08
524288 65536 4.86855e-09
524288 131072 1.80437e-09
524288 262144 1.82295e-09


1048576 1 2.05408e-09
1048576 2 1.9424e-09
1048576 4 2.99715e-09
1048576 8 3.51948e-09
1048576 16 5.50242e-09
1048576 32 1.42114e-08
1048576 64 3.57296e-08
1048576 128 1.05691e-07
1048576 256 3.92478e-08
1048576 512 4.25881e-08
1048576 1024 7.43241e-08
1048576 2048 7.40855e-08
1048576 4096 1.93551e-08
1048576 8192 1.50611e-08
1048576 16384 1.50306e-08
1048576 32768 1.6045e-08
1048576 65536 1.14485e-08
1048576 131072 4.48339e-09
1048576 262144 1.84352e-09
1048576 524288 1.77574e-09


2097152 1 1.8911e-09
2097152 2 1.88863e-09
2097152 4 2.52268e-09
2097152 8 3.68759e-09
2097152 16 5.27793e-09
2097152 32 1.25295e-08
2097152 64 2.42125e-08
2097152 128 6.33307e-08
2097152 256 5.5876e-08
2097152 512 6.33342e-08
2097152 1024 7.45032e-08
2097152 2048 7.52659e-08
2097152 4096 5.39061e-08
2097152 8192 2.60773e-08
2097152 16384 2.794e-08
2097152 32768 2.42145e-08
2097152 65536 1.21074e-08
2097152 131072 9.77844e-09
2097152 262144 4.65639e-09
2097152 524288 1.86267e-09
2097152 1048576 1.74639e-09


4194304 1 1.88426e-09
4194304 2 1.97893e-09
4194304 4 2.5271e-09
4194304 8 3.49246e-09
4194304 16 5.25285e-09
4194304 32 1.21074e-08
4194304 64 2.99271e-08
4194304 128 9.45463e-08
4194304 256 6.33307e-08
4194304 512 7.45106e-08
4194304 1024 8.98938e-08
4194304 2048 8.56783e-08
4194304 4096 8.19607e-08
4194304 8192 5.58767e-08
4194304 16384 2.794e-08
4194304 32768 3.35298e-08
4194304 65536 2.60774e-08
4194304 131072 1.44867e-08
4194304 262144 9.58151e-09
4194304 524288 4.65667e-09
4194304 1048576 1.74625e-09
4194304 2097152 1.74625e-09


8388608 1 1.86281e-09
8388608 2 1.97908e-09
8388608 4 2.56101e-09
8388608 8 3.49282e-09
8388608 16 5.82059e-09
8388608 32 1.21073e-08
8388608 64 2.97428e-08
8388608 128 8.19571e-08
8388608 256 6.70552e-08
8388608 512 7.45106e-08
8388608 1024 8.94122e-08
8388608 2048 8.94086e-08
8388608 4096 8.94039e-08
8388608 8192 7.45072e-08
8388608 16384 5.58801e-08
8388608 32768 2.98026e-08
8388608 65536 2.98043e-08
8388608 131072 2.79419e-08
8388608 262144 1.58339e-08
8388608 524288 1.45321e-08
8388608 1048576 4.65667e-09
8388608 2097152 1.73759e-09
8388608 4194304 1.83691e-09


16777216 1 1.86266e-09
16777216 2 1.97906e-09
16777216 4 2.45566e-09
16777216 8 3.49252e-09
16777216 16 5.62529e-09
16777216 32 1.4901e-08
16777216 64 2.9803e-08
16777216 128 8.07981e-08
16777216 256 6.70559e-08
16777216 512 7.8228e-08
16777216 1024 9.05111e-08
16777216 2048 9.00528e-08
16777216 4096 8.94079e-08
16777216 8192 9.16367e-08
16777216 16384 8.7235e-08
16777216 32768 1.0431e-07
16777216 65536 2.98007e-08
16777216 131072 2.98026e-08
16777216 262144 2.79382e-08
16777216 524288 1.58327e-08
16777216 1048576 1.30387e-08
16777216 2097152 4.6564e-09
16777216 4194304 1.74625e-09
16777216 8388608 1.74611e-09


